0 0.07403051108121872 0.1169101819396019 0.3830787241458893 0.12317323684692383 0.09165684133768082 0.7849687337875366 0.41010573506355286 0.7620041966438293
1 0.0740305110812187 0.1169101819396019 0.3830787241458893 0.12317323684692381 0.09165684133768082 0.7849687337875366 0.41010573506355286 0.7620041966438292
2 0.07403051108121872 0.1169101819396019 0.3830787241458893 0.12317323684692381 0.09165684133768082 0.7849687337875366 0.41010573506355286 0.7620041966438292
3 0.07403051108121872 0.1169101819396019 0.3830787241458893 0.12317323684692384 0.09165684133768082 0.7849687337875366 0.41010573506355286 0.7620041966438295
4 0.07403051108121872 0.1169101819396019 0.3830787241458893 0.12317323684692383 0.09165684133768083 0.7849687337875366 0.41010573506355286 0.7620041966438293
5 0.07403051108121872 0.1169101819396019 0.3830787241458893 0.12317323684692383 0.09165684133768082 0.7849687337875366 0.41010573506355286 0.7620041966438293
6 0.07403051108121872 0.1169101819396019 0.3830787241458893 0.12317323684692383 0.09165684133768082 0.7849687337875366 0.41010573506355286 0.7620041966438293
7 0.07403051108121872 0.1169101819396019 0.3830787241458893 0.12317323684692383 0.09165684133768082 0.7849687337875366 0.41010573506355286 0.7620041966438293
8 0.07403051108121872 0.1169101819396019 0.3830787241458893 0.12317323684692383 0.09165684133768083 0.7849687337875366 0.41010573506355286 0.7620041966438293
9 0.07403051108121872 0.11691018193960191 0.38307872414588934 0.12317323684692384 0.09165684133768082 0.7849687337875366 0.41010573506355286 0.7620041966438295
10 0.07403051108121872 0.1169101819396019 0.3830787241458893 0.12317323684692383 0.09165684133768082 0.7849687337875366 0.41010573506355286 0.7620041966438293
11 0.07403051108121872 0.1169101819396019 0.3830787241458893 0.12317323684692383 0.09165684133768082 0.7849687337875366 0.41010573506355286 0.7620041966438293
12 0.07403051108121872 0.1169101819396019 0.3830787241458893 0.12317323684692383 0.09165684133768082 0.7849687337875366 0.41010573506355286 0.7620041966438293
13 0.07403051108121872 0.1169101819396019 0.3830787241458893 0.12317323684692383 0.09165684133768082 0.7849687337875366 0.41010573506355286 0.7620041966438293
14 0.07403051108121872 0.1169101819396019 0.3830787241458892 0.12317323684692381 0.09165684133768082 0.7849687337875366 0.41010573506355286 0.7620041966438292
15 0.07403051108121872 0.1169101819396019 0.3830787241458893 0.12317323684692383 0.09165684133768082 0.7849687337875366 0.41010573506355286 0.7620041966438293
16 0.07403051108121872 0.1169101819396019 0.3830787241458893 0.12317323684692383 0.09165684133768082 0.7849687337875366 0.41010573506355286 0.7620041966438293
17 0.07403051108121872 0.1169101819396019 0.3830787241458893 0.12317323684692383 0.09165684133768082 0.7849687337875366 0.41010573506355286 0.7620041966438293
18 0.07403051108121872 0.1169101819396019 0.3830787241458893 0.12317323684692383 0.09165684133768082 0.7849687337875366 0.41010573506355286 0.7620041966438293
19 0.07403051108121872 0.1169101819396019 0.3830787241458893 0.12317323684692383 0.09165684133768082 0.7849687337875366 0.41010573506355286 0.7620041966438293
20 0.07403051108121872 0.1169101819396019 0.3830787241458893 0.12317323684692383 0.09165684133768082 0.7849687337875366 0.41010573506355286 0.7620041966438293
21 0.07403051108121872 0.1169101819396019 0.3830787241458893 0.12317323684692384 0.09165684133768082 0.7849687337875366 0.41010573506355286 0.7620041966438293
22 0.07403051108121872 0.1169101819396019 0.3830787241458893 0.12317323684692384 0.09165684133768082 0.7849687337875366 0.41010573506355286 0.7620041966438293
23 0.07403051108121872 0.1169101819396019 0.3830787241458893 0.12317323684692383 0.09165684133768082 0.7849687337875366 0.41010573506355286 0.7620041966438293
24 0.07403051108121872 0.1169101819396019 0.3830787241458893 0.12317323684692383 0.09165684133768082 0.7849687337875366 0.41010573506355286 0.7620041966438293
25 0.07403051108121872 0.1169101819396019 0.3830787241458893 0.12317323684692383 0.09165684133768082 0.7849687337875366 0.41010573506355286 0.7620041966438293
26 0.07403051108121872 0.1169101819396019 0.3830787241458893 0.12317323684692383 0.09165684133768082 0.7849687337875366 0.41010573506355286 0.7620041966438293
27 0.07403051108121872 0.1169101819396019 0.3830787241458893 0.12317323684692383 0.09165684133768082 0.7849687337875366 0.41010573506355286 0.7620041966438293
28 0.07403051108121872 0.1169101819396019 0.3830787241458893 0.12317323684692383 0.09165684133768082 0.7849687337875366 0.41010573506355286 0.7620041966438293
29 0.07403051108121872 0.1169101819396019 0.3830787241458893 0.12317323684692383 0.09165684133768082 0.7849687337875366 0.41010573506355286 0.7620041966438293
30 0.07403051108121872 0.1169101819396019 0.3830787241458893 0.12317323684692383 0.09165684133768082 0.7849687337875366 0.41010573506355286 0.7620041966438293
31 0.07403051108121872 0.1169101819396019 0.3830787241458893 0.12317323684692383 0.09165684133768082 0.7849687337875366 0.41010573506355286 0.7620041966438293
32 0.07403051108121872 0.1169101819396019 0.3830787241458893 0.12317323684692383 0.09165684133768082 0.7849687337875366 0.41010573506355286 0.7620041966438293
33 0.07403051108121872 0.1169101819396019 0.3830787241458893 0.12317323684692383 0.09165684133768082 0.7849687337875366 0.41010573506355286 0.7620041966438293
34 0.07403051108121872 0.1169101819396019 0.3830787241458893 0.12317323684692383 0.09165684133768082 0.7849687337875366 0.41010573506355286 0.7620041966438293
35 0.07403051108121872 0.1169101819396019 0.3830787241458893 0.12317323684692383 0.09165684133768082 0.7849687337875366 0.41010573506355286 0.7620041966438293
36 0.07403051108121872 0.1169101819396019 0.3830787241458893 0.12317323684692383 0.09165684133768082 0.7849687337875366 0.41010573506355286 0.7620041966438293
37 0.07403051108121872 0.1169101819396019 0.3830787241458893 0.12317323684692383 0.09165684133768082 0.7849687337875366 0.41010573506355286 0.7620041966438293
38 0.07403051108121872 0.1169101819396019 0.3830787241458893 0.12317323684692383 0.09165684133768082 0.7849687337875366 0.41010573506355286 0.7620041966438293
39 0.07403051108121872 0.1169101819396019 0.3830787241458893 0.12317323684692383 0.09165684133768082 0.7849687337875366 0.41010573506355286 0.7620041966438293
40 0.07403051108121872 0.1169101819396019 0.3830787241458893 0.12317323684692383 0.09165684133768082 0.7849687337875366 0.41010573506355286 0.7620041966438293
41 0.07403051108121872 0.1169101819396019 0.3830787241458893 0.12317323684692383 0.09165684133768082 0.7849687337875366 0.41010573506355286 0.7620041966438293
42 0.07403051108121872 0.1169101819396019 0.3830787241458893 0.12317323684692383 0.09165684133768082 0.7849687337875366 0.41010573506355286 0.7620041966438293
43 0.07403051108121872 0.1169101819396019 0.3830787241458893 0.12317323684692383 0.09165684133768082 0.7849687337875366 0.41010573506355286 0.7620041966438293
44 0.07403051108121872 0.1169101819396019 0.3830787241458893 0.12317323684692383 0.09165684133768082 0.7849687337875366 0.41010573506355286 0.7620041966438293
45 0.07403051108121872 0.1169101819396019 0.3830787241458893 0.12317323684692383 0.09165684133768082 0.7849687337875366 0.41010573506355286 0.7620041966438293
46 0.07403051108121872 0.1169101819396019 0.3830787241458893 0.12317323684692383 0.09165684133768082 0.7849687337875366 0.41010573506355286 0.7620041966438293
47 0.07403051108121872 0.1169101819396019 0.3830787241458893 0.12317323684692383 0.09165684133768082 0.7849687337875366 0.41010573506355286 0.7620041966438293
48 0.07403051108121872 0.1169101819396019 0.3830787241458893 0.12317323684692383 0.09165684133768082 0.7849687337875366 0.41010573506355286 0.7620041966438293
49 0.07403051108121872 0.1169101819396019 0.3830787241458893 0.12317323684692383 0.09165684133768082 0.7849687337875366 0.41010573506355286 0.7620041966438293
50 0.07638068497180939 0.11795403435826302 0.38836660981178284 0.1221294105052948 0.0981198251247406 0.7860125601291656 0.4153936356306076 0.7640918493270874
51 0.07873085886240005 0.11899788677692413 0.3936544954776764 0.12108558416366577 0.10458280891180038 0.7870563864707947 0.42068153619766235 0.7661795020103455
52 0.09165684133768082 0.1169101819396019 0.4007050395011902 0.12317323684692383 0.12045059008610333 0.7839541276919255 0.4359577000141144 0.7640919089317322
53 0.11045825481414795 0.11899788677692413 0.42420679330825806 0.12734860181808472 0.13631018996238708 0.7807933688163757 0.4547590911388397 0.7620041966438293
54 0.13043475151062012 0.1169101819396019 0.44183310866355896 0.12317323684692383 0.15628668665885925 0.7807933688163757 0.4759106934070587 0.7599165439605713
55 0.16216214001178741 0.1169101819396019 0.4723854213953018 0.1221294105052948 0.1862514317035675 0.7787056565284729 0.5052879005670547 0.7609603703022003
56 0.1938895285129547 0.1169101819396019 0.5029377341270447 0.12108558416366577 0.21621617674827576 0.7766179442405701 0.5346651077270508 0.7620041966438293
57 0.22385427355766296 0.11586635559797287 0.5323149263858795 0.1179540567100048 0.24735601246356964 0.775574117898941 0.5640422999858856 0.7609603703022003
58 0.2538190186023712 0.11482252925634384 0.5616921186447144 0.11482252925634384 0.2784958481788635 0.774530291557312 0.5934194922447205 0.7599165439605713
59 0.27967096865177155 0.11482252925634384 0.5904817879199982 0.11482252925634384 0.3066979646682739 0.773486465215683 0.619271457195282 0.7588726878166199
60 0.3055229187011719 0.11482252925634384 0.619271457195282 0.11482252925634384 0.3349000811576843 0.772442638874054 0.6451234221458435 0.7578288316726685
61 0.33666275441646576 0.11482252925634384 0.6486486494541168 0.11586635559797287 0.3631022125482559 0.7703549563884735 0.674500584602356 0.7578288316726685
62 0.36780259013175964 0.11482252925634384 0.6780258417129517 0.1169101819396019 0.3913043439388275 0.7682672739028931 0.7038777470588684 0.7578288316726685
63 0.39404622713724774 0.11343074341615042 0.7027027010917664 0.11691018193960191 0.4171562890211742 0.7682672739028932 0.729338010152181 0.7585247357686362
64 0.4202898641427358 0.11203895757595697 0.727379560470581 0.1169101819396019 0.44300823410352075 0.7682672739028931 0.7547982732454936 0.7592206398646038
65 0.4465335011482239 0.11064717173576355 0.7520564198493958 0.1169101819396019 0.4688601791858673 0.7682672739028931 0.7802585363388062 0.7599165439605713
66 0.467293381690979 0.1113430584470431 0.7735997041066488 0.11691018193960191 0.4884449640909831 0.7689631382624309 0.8014101386070253 0.7599165439605713
67 0.48805326223373413 0.11203894515832266 0.7951429883639017 0.1169101819396019 0.5080297489960988 0.7696590026219685 0.8225617408752441 0.7599165439605713
68 0.5088131427764893 0.1127348318696022 0.8166862726211548 0.1169101819396019 0.5276145339012146 0.7703548669815063 0.8437133431434631 0.7599165439605713
69 0.5226791858673097 0.1127348318696022 0.8312573671340944 0.1164926514029503 0.541480576992035 0.7699373483657836 0.8578143954277039 0.7620042085647584
70 0.5365452289581298 0.1127348318696022 0.8458284616470337 0.11607512086629868 0.5553466200828552 0.7695198297500611 0.8719154477119446 0.7640918731689452
71 0.5504112720489502 0.1127348318696022 0.8603995561599732 0.11565759032964706 0.5692126631736756 0.7691023111343384 0.8860164999961853 0.7661795377731324
72 0.5642773151397705 0.1127348318696022 0.8749706506729127 0.11524005979299545 0.5830787062644959 0.7686847925186158 0.900117552280426 0.7682672023773193
73 0.5781433582305908 0.1127348318696022 0.889541745185852 0.11482252925634384 0.5969447493553162 0.7682672739028931 0.9142186045646667 0.7703548669815063
74 0.5906341671943665 0.11122851446270943 0.9014115035533905 0.11435569450259209 0.608238011598587 0.7695502936840057 0.9258593022823334 0.7678163349628448
75 0.6031249761581421 0.10972219705581665 0.913281261920929 0.11388885974884033 0.6195312738418579 0.7708333134651184 0.9375 0.7652778029441833
76 0.6082604825496674 0.1101846843957901 0.9190378189086914 0.11331184580922127 0.6235141456127167 0.7716379761695862 0.941135436296463 0.7657286524772644
77 0.6133959889411926 0.11064717173576355 0.9247943758964539 0.1127348318696022 0.6274970173835754 0.772442638874054 0.944770872592926 0.7661795020103455