0 732 328 911 328 732 494 911 494
8 700 307 920 307 700 510 920 510
9 649 269 935 270 648 533 936 541
10 561 197 965 199 558 578 962 588
11 336 32 1033 32 333 684 1029 702
34 1070 -280 2000 -280 1118 924 2048 924
36 1015 -280 1945 -280 1060 862 1993 862
37 993 -280 1923 -280 1037 839 1971 839
38 962 -280 1892 -280 1004 803 1940 803
39 955 -280 1885 -280 997 796 1933 796
153 744 231 942 183 790 426 989 380
176 699 225 955 175 748 479 1005 431
178 613 205 976 151 665 565 1030 515
179 -69 -69 1238 -144 15 897 1305 783
338 -137 -800 365 -103 -137 670 369 532
340 -20 -800 461 31 -20 691 460 543
341 0 -904 502 111 0 696 502 548