0 148 101 -2.5 1,62 38 -2.5 1
2 148 101 -2.5 1,62 38 -2.5 1,108 80 -1.75 1.2
3 148 101 -2.5 1,62 38 -2.5 1,108 84 -1.75 1
13 148 94 -2.5 1,62 13 -2.5 1,108 78 -1.75 1
14 148 63 -2.5 1,62 -15 -2.5 1,108 48 -1.75 1
15 148 63 -2.5 1,62 -15 -2.5 1,108 48 -1.75 1,70 110 -4 1.1
16 148 63 -2.5 1,62 -15 -2.5 1,108 48 -1.75 1,70 106 -3.5 1.25
17 148 63 -2.5 1,62 -15 -2.5 1,108 48 -1.75 1,70 113 -5 1
18 148 51 -2.5 1,62 -29 -2.5 1,108 34 -1.75 1,70 108 -4.5 1
19 148 37 -2.5 1,108 23 -1.75 1,70 103 -4 1
20 148 37 -2.5 1,108 23 -1.75 1,70 103 -4 1,128 200 -15 1.35
21 148 37 -2.5 1,108 23 -1.75 1,70 103 -4 1,65 150 -6 1.2
22 148 37 -2.5 1,108 23 -1.75 1,70 103 -4 1,68 150 -4 1.15
23 148 37 -2.5 1,108 23 -1.75 1,70 103 -4 1,66 156 -4 1.025
24 148 2 -2.5 1,108 -13 -1.75 1,70 66 -4 1,66 130 -4 1
26 148 2 -2.5 1,108 -13 -1.75 1,70 66 -4 1,66 130 -4 1,125 66 -4 1.05
28 148 2 -2.5 1,108 -13 -1.75 1,70 66 -4 1,66 130 -4 1,125 70 -4 1.025
29 148 -25 -2.5 1,70 41 -4 1,66 105 -4 1,125 42 -4 1.025
30 148 -24 -2.5 1,70 37 -4 1,66 101 -4 1,125 36 -4 1.025,155 53 -5 1.1
31 148 -27 -2.5 1,70 37 -4 1,66 101 -4 1,125 36 -4 1.025,80 -30 -4 1
36 148 -24 -2.5 1,70 37 -4 1,66 101 -4 1,125 36 -4 1.025,80 -30 -4 1,125 101 -4 1.1
37 148 -32 -2.5 1,70 37 -4 1,66 101 -4 1,125 36 -4 1.025,80 -30 -4 1,52 60 -4 1
38 148 -32 -2.5 1,70 37 -4 1,66 101 -4 1,125 36 -4 1.025,80 -30 -4 1,52 60 -4 1.1
39 148 -32 -2.5 1,70 37 -4 1,66 101 -4 1,125 36 -4 1.025,80 -30 -4 1,52 60 -4 1
40 148 -38 -2.5 1,70 37 -4 1,66 101 -4 1,125 31 -4 1.025,80 -34 -4 1,52 55 -4 1
41 70 14 -4 1,66 100 -4 1,125 14 -4 1.025,52 39 -4 1
48 70 4 -4 1,66 90 -4 1,125 5 -4 1.025,52 28 -4 1
49 70 -9 -4 1,66 77 -4 1.05,125 -9 -4 1.025,52 17 -4 1
51 70 -9 -4 1,66 77 -4 1.05,125 -9 -4 1.025,52 17 -4 1,215 139 2 1.15
53 70 -9 -4 1,66 77 -4 1.05,125 -9 -4 1.025,52 17 -4 1,216 145 1.5 1
54 70 -28 -4 1,66 57 -4 1.05,125 -28 -4 1.025,52 -6 -4 1,216 132 1.5 1
55 70 -31 -4 1,66 55 -4 1.05,125 -29 -4 1.025,52 -7 -4 1,216 132 1.5 1,75 160 -16 1.25
56 70 -31 -4 1,66 55 -4 1.05,125 -29 -4 1.025,52 -7 -4 1,216 132 1.5 1,55 141 -14 1.15
57 70 -31 -4 1,66 55 -4 1.05,125 -29 -4 1.025,52 -7 -4 1,216 132 1.5 1,55 149 -14 1
58 70 -37 -4 1,66 50 -4 1.05,125 -37 -4 1.025,52 -12 -4 1,216 126 1.5 1,55 144 -14 1
59 66 37 -4 1.05,52 -25 -4 1,216 112 1.5 1,55 130 -14 1,145 100 -10 1.1
60 66 37 -4 1.05,52 -25 -4 1,216 112 1.5 1,55 130 -14 1,140 95 -10 1.1
61 66 37 -4 1.05,52 -25 -4 1,216 112 1.5 1,55 130 -14 1,137 99 -10 1
62 66 32 -4 1.05,52 -30 -4 1,216 108 1.5 1,55 125 -14 1,137 94 -10 1
63 66 4 -4 1.05,216 84 1.5 1,55 100 -14 1,137 70 -10 1
67 66 4 -4 1.05,216 84 1.5 1,55 100 -14 1,137 70 -10 1,270 125 -4 1.15
68 66 4 -4 1.05,216 84 1.5 1,55 100 -14 1,137 70 -10 1
71 66 -34 -4 1.05,216 44 1.5 1,55 63 -14 1,137 30 -10 1,270 150 -3 1.1
72 66 -34 -4 1.05,216 44 1.5 1,55 63 -14 1,137 30 -10 1,276 30 2 1
73 66 -34 -4 1.05,216 44 1.5 1,55 63 -14 1,137 30 -10 1,280 27 2 1
74 66 -34 -4 1.05,216 44 1.5 1,55 63 -14 1,137 30 -10 1,280 22 2 1
75 66 -36 -4 1.05,216 44 1.5 1,55 63 -14 1,137 30 -10 1,280 23 2 1
77 216 44 1.5 1,55 63 -14 1,137 30 -10 1,280 22 2 1,57 128 -4 1.05
78 216 44 1.5 1,55 63 -14 1,137 30 -10 1,280 22 2 1,57 128 -4 1.1
79 216 44 1.5 1,55 63 -14 1,137 30 -10 1,280 22 2 1,57 130 -3 1.05
80 216 24 1.5 1,55 43 -14 1,137 10 -10 1,280 2 2 1,57 110 -3 1.05
81 216 -32 1.5 1,55 -14 -14 1,57 60 -3 1.05
82 216 -32 1.5 1,55 -14 -14 1,57 60 -3 1.05,245 155 0 1.1
83 216 -32 1.5 1,55 -14 -14 1,57 60 -3 1.05
91 216 -32 1.5 1,55 -14 -14 1,57 60 -3 1.05,130 85 -6 1.1
92 216 -32 1.5 1,55 -14 -14 1,57 60 -3 1.05,128 68 -1.5 1.1
93 216 -32 1.5 1,55 -14 -14 1,57 60 -3 1.05,130 71 -1.5 1
95 216 -40 1.5 1,55 -24 -14 1,57 51 -3 1.05,130 62 -1.5 1
96 216 -40 1.5 1,55 -24 -14 1,57 51 -3 1.05,130 62 -1.5 1,45 150 -3 1.05
97 216 -40 1.5 1,55 -24 -14 1,57 51 -3 1.05,130 62 -1.5 1,45 148 -3 1.1
98 216 -40 1.5 1,55 -24 -14 1,57 51 -3 1.05,130 62 -1.5 1,45 152 -3 1
99 57 21 -3 1.05,130 32 -1.5 1,45 132 -3 1
100 57 18 -3 1.05,130 28 -1.5 1,45 132 -3 1
101 57 18 -3 1.05,130 28 -1.5 1,45 132 -3 1,136 38 -6 1.1
102 57 18 -3 1.05,130 28 -1.5 1,45 132 -3 1,34 75 -1 1.05
103 57 18 -3 1.05,130 28 -1.5 1,45 132 -3 1,38 68 -1 1.2
104 57 18 -3 1.05,130 28 -1.5 1,45 132 -3 1,34 75 -1 1.05
105 57 -22 -3 1.05,130 -12 -1.5 1,45 108 -3 1,39 45 -1 1.05
106 57 -36 -3 1.05,130 -26 -1.5 1,45 101 -3 1,39 36 0 1.05
112 57 -36 -3 1.05,130 -26 -1.5 1,45 101 -3 1,39 36 0 1.05,65 157 -10 1.1
113 57 -36 -3 1.05,130 -26 -1.5 1,45 101 -3 1,39 36 0 1.05,67 161 -10.5 1
114 45 66 -3 1,39 3 0 1.05,67 131 -10.5 1
115 45 66 -3 1,39 3 0 1.05,67 131 -10.5 1,138 126 0.3 1.05
116 45 66 -3 1,39 3 0 1.05,67 131 -10.5 1,138 86 5 1.1
117 45 66 -3 1,39 3 0 1.05,67 131 -10.5 1,135 90 5 1
118 45 66 -3 1,39 3 0 1.05,67 133 -10.5 1,135 92 5 1
119 45 56 -3 1,39 -8 0 1.05,67 160 -10.5 1,135 121 5 1
120 45 56 -3 1,39 -8 0 1.05,67 160 -10.5 1,135 121 5 1,100 125 2 1.1
121 45 56 -3 1,39 -8 0 1.05,67 160 -10.5 1,135 121 5 1,66 150 -2 1
122 45 56 -3 1,39 -8 0 1.05,67 160 -10.5 1,135 121 5 1,66 145 -2 1.05
123 45 56 -3 1,39 -8 0 1.05,67 160 -10.5 1,135 121 5 1,66 152 -3 1
124 45 7 -3 1,67 112 -10.5 1,135 73 5 1,66 102 -3 1
125 45 -2 -3 1,67 101 -10.5 1,135 61 5 1,66 85 -3 1,106 85 -1 1.1
126 45 -2 -3 1,67 101 -10.5 1,135 61 5 1,66 85 -3 1
130 45 -2 -3 1,67 101 -10.5 1,135 61 5 1,66 85 -3 1,54 175 -2 1.1
131 45 -2 -3 1,67 101 -10.5 1,135 61 5 1,66 85 -3 1
136 45 -2 -3 1,67 101 -10.5 1,135 61 5 1,66 85 -3 1,94 133 -13 1.1
137 45 -2 -3 1,67 101 -10.5 1,135 61 5 1,66 85 -3 1,73 108 -12 1.1
138 45 -2 -3 1,67 101 -10.5 1,135 61 5 1,66 85 -3 1,73 112 -12 1
140 45 -13 -3 1,67 91 -10.5 1,135 51 5 1,66 75 -3 1,73 102 -12 1
141 45 -13 -3 1,67 91 -10.5 1,135 51 5 1,66 75 -3 1,73 102 -12 1,83 115 -13 1.1
143 45 -13 -3 1,67 91 -10.5 1,135 51 5 1,66 75 -3 1,73 102 -12 1,81 120 -13 1
144 60 40 -3 1,67 91 -10.5 1,135 3 5 1,66 75 -3 1,73 102 -12 1,81 120 -13 1,74 55 -10 1
146 60 40 -3 1,67 91 -10.5 1,135 3 5 1,66 75 -3 1,73 102 -12 1,81 120 -13 1,74 55 -10 1,185 145 -7 1.1
147 60 40 -3 1,67 91 -10.5 1,135 3 5 1,66 75 -3 1,73 102 -12 1,81 120 -13 1,74 55 -10 1,185 148 -7 1
149 60 25 -3 1,67 76 -10.5 1,135 -12 5 1,66 60 -3 1,73 87 -12 1,81 105 -13 1,74 40 -10 1,185 133 -7 1
150 60 25 -3 1,67 76 -10.5 1,135 -12 5 1,66 60 -3 1,73 87 -12 1,81 105 -13 1,74 40 -10 1,185 133 -7 1,150 180 -10 1.15
151 60 25 -3 1,67 76 -10.5 1,135 -12 5 1,66 60 -3 1,73 87 -12 1,81 105 -13 1,74 40 -10 1,185 133 -7 1,150 185 -10 1.1